1
1
1
1
1
1
1
1
1
1
1
1
1
1
1
1
1
1
1
1
1
2
2
2
2
2
2
2
2
2
2
2
2
2
2
2
2
2
2
2
2
2
2
2
2
2
2
2
2
7
7
7
7
7
7
7
7
7
7
7
7
7
7
7
7
7
7
7
7
7
7
7
7
7
7
7
7
7
7
7
7
7
7
7
7
7
7
7
7
7
7
7
7
7
7
7
7
7
7
7
7
7
7
7
7
8
8
8
8
8
8
8
8
8
8
8
8
8
8
8
8
8
8
8
8
8
8
8
8
8
8
8
8
8
8
8
8
8
8
8
8
8
8
8
8
8
8
8
8
8
8
8
8
8
8
8
8
8
8
8
8
15
15
15
15
15
15
15
15
15
15
15
15
15
15
15
17
17
17
17
17
17
17
17
17
17
17
17
17
17
17
11
11
11
11
11
11
11
11
11
11
11
11
11
12
12
12
12
12
12
12
12
12
12
12
12
14
14
14
14
14
14
14
14
14
14
14
14
14
14
14
14
14
14
14
14
14
14
14
14
14
16
16
16
16
16
16
16
16
16
16
16
16
16
16
16
16
16
16
16
16
16
16
16
16
16
16
16
19
19
19
19
19
19
19
19
19
19
19
19
19
19
19
19
19
19
19
19
19
19
19
19
19
19
19
19
19
19
20
20
20
20
20
20
20
20
20
20
20
20
20
20
21
21
21
21
21
21
21
21
21
21
21
21
21
21
21
21
21
21
21
21
21
21
21
21
21
22
22
22
22
22
22
22
22
22
22
22
22
22
22
22
22
22
22
22
22
22
22
22
22
22
22
23
23
23
23
23
23
23
23
23
26
26
26
26
26
26
26
26
26
26
26
26
26
26
26
34
34
34
34
34
34
34
34
34
34
34
34
34
34
34
34
34
34
34
34
34
34
34
34
30
30
30
30
30
30
30
30
30
30
30
30
28
28
28
28
28
28
28
28
28
28
28
28
28
28
28
28
28
28
28
28
28
28
28
28
28
28
28
28
28
28
28
28
28
28
28
28
28
28
28
28
28
28
28
28
28
28
28
28
28
28
28
29
29
29
29
29
29
29
29
29
29
29
29
29
29
29
29
29
29
29
29
29
29
29
29
29
29
29
29
29
29
29
33
33
33
33
33
33
33
33
33
33
33
33
33
33
33
35
35
35
35
35
35
35
35
35
35
35
35
35
35
35
37
37
37
37
37
37
37
37
37
37
37
37
37
37
38
38
38
38
38
38
38
38
38
38
38
38
38
38
38
40
40
40
40
40
40
40
40
40
40
41
41
41
41
41
41
41
41
41
41
41
41
41
41
41
41
41
41
41
41
41
41
41
41
41
41
42
42
42
42
42
42
42
42
42
42
42
42
42
42
42
43
43
43
43
43
43
43
43
43
43
43
43
43
43
43
43
43
43
43
43
43
43
43
43
43
43
43
43
44
44
44
44
44
44
44
44
44
44
44
44
44
44
44
44
44
44
44
44
44
44
44
44
44
44
44
44
44
44
44
44
45
45
45
45
45
45
45
45
45
45
45
45
45
45
45
45
45
45
46
46
46
46
46
46
46
46
46
46
46
46
46
46
46
46
46
46
46
46
47
47
47
47
47
47
47
47
47
47
47
47
47
47
47
47
47
47
47
47
47
47
47
47
47
49
49
49
49
49
49
49
49
49
49
49
49
49
49
49
49
49
49
49
49
50
50
50
50
50
50
50
50
50
50
50
50
50
50
50
50
50
50
50
50
50
50
50
50
50
50
50
52
52
52
52
52
52
52
52
52
52
52
52
52
52
52
52
52
52
52
52
53
53
53
53
53
53
53
53
53
53
53
53
53
53
53
53
53
53
53
53
53
53
53
53
53
53
53
53
53
53
53
53
53
53
53
53
53
53
53
53
53
53
55
55
55
55
55
55
55
55
55
55
55
55
55
55
55
55
55
55
55
55
55
55
55
55
55
55
55
55
55
55
56
56
56
56
56
56
56
56
56
56
56
56
56
56
56
57
57
57
57
57
57
57
57
57
57
57
57
57
57
57
57
57
58
58
58
58
58
58
58
58
58
58
58
58
58
58
58
58
58
58
58
58
58
58
58
58
58
58
60
60
60
60
60
60
60
60
60
60
60
60
60
60
60
60
60
60
60
60
60
60
60
60
60
60
60
60
60
60
60
61
61
61
61
61
61
61
61
61
61
61
61
62
62
62
62
62
62
62
62
62
62
62
62
62
62
62
62
62
62
62
62
62
62
62
62
62
62
62
62
62
62
66
66
66
66
66
66
66
66
66
66
66
66
66
66
66
66
66
66
66
66
67
67
67
67
67
67
67
67
67
67
67
67
67
67
67
67
67
67
67
67
67
68
68
68
68
68
68
68
68
68
68
68
71
71
71
71
71
71
71
71
71
71
71
71
71
71
71
72
72
72
72
72
72
72
72
72
72
72
72
74
74
74
74
74
74
74
74
74
74
74
74
74
74
74
74
74
74
74
74
74
74
74
74
74
74
74
74
76
76
76
76
76
76
76
76
76
76
76
76
76
76
78
78
78
78
78
78
78
78
78
78
78
78
78
78
78
78
80
80
80
80
80
80
80
80
80
80
80
80
80
80
80
80
80
80
80
80
80
80
80
80
80
80
80
80
80
80
80
80
80
80
80
80
80
80
80
80
80
80
80
80
80
80
80
80
80
82
82
82
82
82
82
82
82
82
82
82
82
82
82
82
82
82
82
82
82
82
82
82
82
82
82
82
82
85
85
85
85
85
85
85
85
85
85
85
85
85
85
85
85
85
85
85
85
89
89
89
89
89
89
89
89
89
89
89
89
89
89
89
89
89
89
89
89
89
89
89
89
89
89
89
89
89
90
90
90
90
90
90
90
90
90
90
90
90
90
90
90
90
90
90
90
90
90
90
90
90
91
91
91
91
91
91
91
91
91
91
91
91
91
91
91
91
91
91
91
91
91
91
91
91
91
91
94
94
94
94
94
94
94
94
94
94
94
94
94
94
94
93
93
93
93
93
93
93
93
93
93
93
93
93
93
93
93
93
93
93
93
93
93
93
95
95
95
95
95
95
95
95
95
95
95
95
95
95
95
95
95
95
95
95
95
95
95
95
97
97
97
97
97
97
97
97
97
97
97
97
97
97
96
96
96
96
96
96
96
96
96
96
96
96
96
96
96
96
96
96
96
96
96
96
96
96
96
96
96
98
98
98
98
98
98
98
98
98
98
98
98
98
98
100
100
100
100
100
100
100
100
100
100
100
100
100
100
103
103
103
103
103
103
103
103
103
103
103
103
103
103
103
103
103
103
103
103
103
103
103
103
103
103
103
103
103
103
103
103
103
104
104
104
104
104
104
104
104
104
104
104
104
104
104
104
104
104
104
104
104
104
104
104
104
106
106
106
106
106
106
106
106
106
106
106
106
106
106
106
106
106
106
106
106
107
107
107
107
107
107
107
107
107
107
107
107
107
107
107
107
107
107
107
107
107
107
107
107
107
107
107
107
107
107
107
108
108
108
108
108
108
108
108
108
108
108
108
108
108
108
108
108
108
108
108
108
108
108
108
108
108
108
108
108
112
112
112
112
112
112
112
112
112
112
112
112
112
112
112
112
112
112
112
112
112
112
112
112
112
112
112
112
112
112
112
112
112
112
112
112
112
112
112
112
112
112
112
112
112
110
110
110
110
110
110
110
110
110
110
110
110
110
110
110
110
110
110
110
110
110
110
110
111
111
111
111
111
111
111
111
111
111
111
111
111
111
111
111
111
111
111
111
111
111
111
111
111
111
111
111
111
111
111
113
113
113
113
113
113
113
113
113
113
113
113
113
113
113
113
113
113
113
113
113
113
113
113
113
113
113
114
114
114
114
114
114
114
114
114
114
114
114
114
114
114
114
114
114
114
114
114
114
114
114
114
114
114
114
114
114
115
115
115
115
115
115
115
115
115
115
115
115
115
115
115
115
115
115
115
118
118
118
118
118
118
118
118
118
118
118
118
118
118
118
118
118
118
118
118
118
118
118
118
118
118
118
118
118
118
118
118
118
118
118
118
118
118
118
118
118
118
118
118
118
118
118
118
118
118
118
118
118
118
118
118
118
118
118
118
118
118
118
118
118
118
118
118
118
118
118
118
118
118
118
118
119
119
119
119
119
119
119
119
119
119
119
119
119
119
119
119
119
119
119
119
119
119
119
119
119
119
119
119
119
119
119
119
119
119
119
119
119
119
119
119
119
119
119
119
119
119
119
119
119
119
119
119
119
119
119
119
121
121
121
121
121
121
121
121
121
121
121
121
121
121
121
121
121
121
121
121
121
121
121
121
121
121
121
121
121
121
121
121
121
121
121
121
121
121
121
121
121
121
121
121
121
121
121
121
121
121
121
121
121
121
121
121
121
121
121
121
121
121
121
121
121
121
121
121
121
121
121
121
121
121
121
124
124
124
124
124
124
124
124
124
124
124
124
124
124
124
124
124
124
124
124
124
124
124
125
125
125
125
125
125
125
125
125
125
125
125
125
125
126
126
126
126
126
126
126
126
126
126
126
126
126
126
126
126
126
126
127
127
127
127
127
127
127
127
127
127
127
127
127
127
127
127
127
127
127
127
127
127
127
127
127
127
128
128
128
128
128
128
128
128
128
128
128
128
128
128
128
128
128
128
128
128
128
128
128
128
128
129
129
129
129
129
129
129
129
129
129
129
129
129
129
129
129
129
129
129
129
129
132
132
132
132
132
132
132
132
132
132
132
132
132
132
132
132
132
132
132
132
132
132
132
132
132
132
132
135
135
135
135
135
135
135
135
135
135
135
135
135
135
135
135
135
135
135
135
135
135
135
135
135
135
138
138
138
138
138
138
138
138
138
138
138
138
138
138
138
138
138
138
138
138
138
138
138
138
138
140
140
140
140
140
140
140
140
140
140
140
140
140
140
140
140
140
140
140
140
140
140
140
140
143
143
143
143
143
143
143
143
143
143
143
143
143
143
142
142
142
142
142
142
142
142
142
142
142
142
142
142
142
142
142
142
142
142
142
142
142
142
142
144
144
144
144
144
144
144
144
144
144
144
144
145
145
145
145
145
145
145
145
145
145
147
147
147
147
147
147
147
147
147
147
147
147
147
147
147
147
147
147
147
147
148
148
148
148
148
148
148
148
148
148
148
148
148
148
148
148
148
148
148
148
148
148
148
148
148
148
148
148
148
148
148
148
148
148
148
148
148
148
148
148
148
148
148
148
148
148
148
148
148
149
149
149
149
149
149
149
149
149
149
149
149
149
149
149
149
149
149
149
149
149
149
149
149
149
149
149
149
149
149
151
151
151
151
151
151
151
151
151
151
151
151
151
151
151
151
151
151
151
151
151
151
151
151
151
151
151
151
151
151
151
151
151
152
152
152
152
152
152
152
152
152
152
152
152
152
152
152
152
152
152
152
152
152
152
152
152
152
152
152
152
155
155
155
155
155
155
155
155
155
155
155
155
155
155
155
155
155
155
155
155
155
155
155
155
155
155
155
155
156
156
156
156
156
156
156
156
156
156
156
156
156
156
156
156
156
156
156
156
156
156
156
156
158
158
158
158
158
158
158
158
158
158
158
158
158
158
158
158
158
158
158
158
158
158
158
158
158
159
159
159
159
159
159
159
159
159
159
159
159
159
159
159
159
159
159
159
159
159
159
159
159
159
159
159
159
159
159
159
159
159
159
159
159
159
159
159
159
159
159
159
159
159
159
159
159
159
159
159
159
159
159
159
159
159
159
159
159
159
159
159
159
159
159
159
159
159
159
159
159
159
159
159
159
159
159
159
159
159
159
159
160
160
160
160
160
160
160
160
160
160
160
160
160
160
160
160
160
160
160
160
160
160
160
160
160
160
161
161
161
161
161
161
161
161
161
161
161
161
161
161
161
161
161
161
161
161
161
161
161
161
161
161
161
161
161
161
161
161
161
161
161
161
161
161
161
161
161
161
161
161
161
161
161
161
161
161
161
162
162
162
162
162
162
162
162
162
162
162
162
162
162
162
162
162
162
162
162
162
162
162
162
162
162
162
162
162
162
162
162
162
162
162
162
162
162
162
162
162
162
162
162
162
162
162
162
162
162
162
163
163
163
163
163
163
163
163
163
163
163
163
163
163
163
163
163
163
163
163
163
163
163
163
163
163
163
165
165
165
165
165
165
165
165
165
165
165
165
165
166
166
166
166
166
166
166
166
166
166
166
166
166
166
166
166
166
166
166
166
166
166
166
166
166
166
167
167
167
167
167
167
167
167
167
167
167
167
167
167
167
167
167
167
167
167
167
167
167
167
167
167
167
168
168
168
168
168
168
168
168
168
168
168
168
168
168
168
168
168
168
168
168
168
168
168
168
168
168
168
170
170
170
170
170
170
170
170
170
170
170
170
170
170
170
170
170
170
170
170
170
170
170
170
170
170
170
170
173
173
173
173
173
173
173
173
173
173
173
173
173
173
173
173
173
173
173
173
174
174
174
174
174
174
174
174
174
174
174
174
174
174
174
175
175
175
175
175
175
175
175
175
175
175
175
175
175
175
176
176
176
176
176
176
176
176
176
176
176
176
176
176
176
176
176
176
176
176
176
176
176
176
176
176
178
178
178
178
178
178
178
178
178
178
178
178
178
178
178
178
178
178
178
178
178
178
178
178
178
178
178
179
179
179
179
179
179
179
179
179
179
179
179
179
179
179
179
179
179
179
179
179
179
179
180
180
180
180
180
180
180
180
180
180
180
180
180
180
180
180
180
180
180
180
180
180
180
180
180
181
181
181
181
181
181
181
181
181
181
181
181
181
181
181
183
183
183
183
183
183
183
183
183
183
183
183
183
183
183
183
183
183
183
183
183
184
184
184
184
184
184
184
184
184
184
184
184
184
184
184
184
184
184
184
185
185
185
185
185
185
185
185
185
185
185
185
185
188
188
188
188
188
188
188
188
188
188
188
188
188
189
189
189
189
189
189
189
189
189
189
189
189
189
189
189
189
189
189
189
189
189
189
189
190
190
190
190
190
190
190
190
190
190
190
190
190
190
190
190
190
190
190
190
190
190
190
190
190
190
190
191
191
191
191
191
191
191
191
191
191
191
191
191
191
191
191
191
191
191
191
191
191
191
191
191
191
191
191
191
192
192
192
192
192
192
192
192
192
192
192
192
192
192
192
192
192
192
192
192
192
192
192
192
192
192
192
192
192
193
193
193
193
193
193
193
193
193
193
193
193
193
193
193
193
193
193
193
193
193
193
193
193
193
193
193
193
194
194
194
194
194
194
194
194
194
194
194
194
194
194
194
194
194
194
194
194
194
194
194
194
194
194
194
195
195
195
195
195
195
195
195
195
195
195
195
195
195
195
196
196
196
196
196
196
196
196
196
196
196
196
196
196
196
196
196
196
196
196
196
196
196
196
196
196
196
196
197
197
197
197
197
197
197
197
197
197
197
197
197
197
197
197
197
197
197
197
197
197
197
197
197
197
197
197
199
199
199
199
199
199
199
199
199
199
199
199
199
199
199
199
199
199
199
199
199
199
199
199
199
199
199
199
199
199
202
202
202
202
202
202
202
202
202
202
202
202
202
202
202
202
203
203
203
203
203
203
203
203
203
203
203
203
203
203
203
203
203
203
203
203
203
203
203
203
203
203
203
205
205
205
205
205
205
205
205
205
205
205
205
205
205
205
205
205
205
205
205
205
205
205
205
205
206
206
206
206
206
206
206
206
206
206
206
206
206
206
206
206
206
206
206
206
206
206
206
206
206
206
207
207
207
207
207
207
207
207
207
207
207
207
207
207
207
207
207
207
207
207
207
207
207
207
207
208
208
208
208
208
208
208
208
208
208
208
208
208
208
208
208
208
208
208
208
208
208
208
208
208
208
208
209
209
209
209
209
209
209
209
209
209
209
209
209
209
209
209
209
209
209
209
209
209
209
209
209
209
209
209
209
209
209
209
209
209
211
211
211
211
211
211
211
211
211
211
211
211
211
211
211
211
211
211
211
211
211
211
211
211
211
211
214
214
214
214
214
214
214
214
214
214
214
214
214
214
214
215
215
215
215
215
215
215
215
215
215
215
215
215
215
215
216
216
216
216
216
216
216
216
216
216
216
216
216
216
216
216
216
216
216
216
216
216
216
216
218
218
218
218
218
218
218
218
218
218
218
218
218
219
219
219
219
219
219
219
219
219
219
219
219
219
219
219
219
219
219
219
219
219
219
219
219
219
221
221
221
221
221
221
221
221
221
221
221
221
222
222
222
222
222
222
222
222
222
222
222
222
222
222
222
222
222
222
222
222
222
222
222
222
222
222
222
222
224
224
224
224
224
224
224
224
224
224
224
224
224
224
224
224
224
224
224
224
224
224
224
224
224
224
224
224
224
225
225
225
225
225
225
225
225
225
225
225
225
225
225
225
225
225
225
225
225
225
225
225
225
226
226
226
226
226
226
226
226
226
226
226
226
226
226
226
226
226
226
226
226
226
226
226
226
226
226
226
226
226
228
228
228
228
228
228
228
228
228
228
228
228
228
228
228
228
228
228
228
228
228
228
228
228
228
228
228
229
229
229
229
229
229
229
229
229
229
229
229
229
229
229
229
229
229
229
229
229
229
229
229
229
229
229
229
231
231
231
231
231
231
231
231
231
231
231
231
231
231
231
231
231
231
231
231
231
231
231
231
231
231
231
231
231
233
233
233
233
233
233
233
233
233
233
233
233
233
233
233
233
233
233
233
233
233
233
233
233
233
233
234
234
234
234
234
234
234
234
234
234
234
234
234
234
234
234
234
234
234
234
234
234
234
234
234
234
234
234
234
235
235
235
235
235
235
235
235
235
235
235
235
235
235
235
235
235
235
235
235
235
235
235
235
235
238
238
238
238
238
238
238
238
238
238
238
238
238
238
238
238
238
238
238
238
238
238
238
238
238
238
239
239
239
239
239
239
239
239
239
239
239
239
239
239
240
240
240
240
240
240
240
240
240
240
240
240
240
240
240
240
240
240
241
241
241
241
241
241
241
241
241
241
241
241
241
241
241
241
241
241
241
241
241
241
241
241
241
241
241
241
241
241
241
241
241
241
241
241
241
241
241
241
246
246
246
246
246
246
246
246
246
246
246
246
246
246
246
248
248
248
248
248
248
248
248
248
248
248
248
248
248
248
248
251
251
251
251
251
251
251
251
251
251
251
251
251
251
251
251
251
251
251
251
251
678
678
678
678
678
678
678
678
678
678
678
678
678
678
678
254
254
254
254
254
254
254
254
254
254
254
254
254
254
254
254
254
254
254
254
255
255
255
255
255
255
255
255
255
255
255
255
255
255
255
255
255
255
255
255
255
255
255
255
255
255
258
258
258
258
258
258
258
258
258
258
258
258
258
258
258
258
258
258
258
258
258
258
258
258
258
259
259
259
259
259
259
259
259
259
259
259
259
259
259
259
259
259
259
259
259
259
259
259
259
259
259
263
263
263
263
263
263
263
263
263
263
263
263
263
263
263
264
264
264
264
264
264
264
264
264
264
264
264
264
264
264
268
268
268
268
268
268
268
268
268
268
268
268
268
268
268
268
268
268
268
268
268
268
268
267
267
267
267
267
267
267
267
267
267
267
267
267
267
682
682
682
682
682
682
682
682
682
682
682
682
682
682
682
682
682
682
682
682
682
682
682
682
682
270
270
270
270
270
270
270
270
270
270
270
270
270
270
270
276
276
276
276
276
276
276
276
276
276
276
276
276
276
276
276
276
276
276
276
276
276
276
276
276
276
276
276
274
274
274
274
274
274
274
274
274
274
274
274
274
274
274
274
274
274
688
688
688
688
688
688
688
688
688
688
688
688
688
688
688
688
688
688
688
688
688
688
281
281
281
281
281
281
281
281
281
281
281
281
281
281
281
281
281
281
281
281
281
283
283
283
283
283
283
283
283
283
283
283
283
283
282
282
282
282
282
282
282
282
282
282
282
285
285
285
285
285
285
285
285
285
285
285
285
285
285
285
285
285
285
285
285
285
285
285
285
285
285
284
284
284
284
284
284
284
284
284
284
284
284
284
284
284
284
284
284
284
284
284
284
284
284
284
284
284
284
284
284
284
284
284
284
290
290
290
290
290
290
290
290
290
290
290
290
290
290
290
290
290
290
290
290
290
290
290
290
290
290
290
290
290
287
287
287
287
287
287
287
287
287
287
287
287
288
288
288
288
288
288
288
288
288
288
288
288
288
288
292
292
292
292
292
292
292
292
292
292
292
292
292
292
292
292
292
292
292
292
292
292
292
294
294
294
294
294
294
294
294
294
294
294
294
294
294
294
294
294
294
294
294
294
294
294
294
294
294
296
296
296
296
296
296
296
296
296
296
296
296
296
296
296
296
296
296
296
296
296
296
296
296
298
298
298
298
298
298
298
298
298
298
298
298
298
298
298
298
303
303
303
303
303
303
303
303
303
303
303
303
303
303
303
303
303
303
303
303
303
303
303
303
303
303
301
301
301
301
301
301
301
301
301
301
301
301
301
301
301
301
301
301
301
301
301
301
301
301
301
302
302
302
302
302
302
302
302
302
302
302
302
302
302
302
302
304
304
304
304
304
304
304
304
304
304
304
304
304
305
305
305
305
305
305
305
305
305
305
305
305
305
305
305
305
308
308
308
308
308
308
308
308
308
308
308
308
308
308
308
308
308
308
308
308
308
308
308
308
308
308
308
308
308
309
309
309
309
309
309
309
309
309
309
309
309
309
309
309
309
309
309
309
309
309
309
309
309
309
309
312
312
312
312
312
312
312
312
312
312
312
312
312
312
312
312
312
312
312
312
312
312
312
312
312
312
313
313
313
313
313
313
313
313
313
313
314
314
314
314
314
314
314
314
314
314
314
314
314
314
315
315
315
315
315
315
315
315
315
315
315
315
315
315
315
315
315
315
315
315
315
315
315
315
315
315
315
316
316
316
316
316
316
316
316
316
316
316
316
317
317
317
317
317
317
317
317
317
317
317
317
317
317
317
123
123
123
123
123
123
123
123
123
123
123
123
123
123
320
320
320
320
320
320
320
320
320
320
320
320
320
320
320
320
320
320
320
320
320
320
320
320
320
320
320
320
322
322
322
322
322
322
322
322
322
322
322
322
322
322
322
322
322
322
322
322
322
322
322
322
322
322
322
322
323
323
323
323
323
323
323
323
323
323
323
323
323
323
323
323
323
323
323
323
323
323
323
323
323
323
323
324
324
324
324
324
324
324
324
324
324
324
324
324
324
325
325
325
325
325
325
325
325
325
325
325
325
325
325
325
325
325
325
325
325
327
327
327
327
327
327
327
327
327
327
327
327
327
328
328
328
328
328
328
328
328
328
328
328
328
330
330
330
330
330
330
330
330
330
330
330
330
330
330
330
330
330
330
332
332
332
332
332
332
332
332
332
332
332
332
332
332
332
332
332
332
332
334
334
334
334
334
334
334
334
334
334
334
334
334
334
334
334
334
334
334
334
334
334
334
334
334
337
337
337
337
337
337
337
337
337
337
337
337
337
337
337
337
337
337
337
337
337
337
337
337
337
337
337
337
338
338
338
338
338
338
338
338
338
338
338
338
338
338
338
338
338
338
338
338
338
338
338
338
339
339
339
339
339
339
339
339
339
339
339
339
339
339
339
339
339
339
339
339
339
339
339
339
339
339
339
342
342
342
342
342
342
342
342
342
342
342
342
342
342
342
342
342
342
342
342
342
342
342
342
342
342
344
344
344
344
344
344
344
344
344
344
344
344
344
344
344
344
344
344
344
344
344
344
344
344
344
344
345
345
345
345
345
345
345
345
345
345
345
345
345
345
345
345
345
345
345
345
345
345
345
345
345
345
345
345
346
346
346
346
346
346
346
346
346
346
346
346
346
346
346
346
346
346
346
346
346
346
346
346
346
346
346
346
346
347
347
347
347
347
347
347
347
347
347
347
347
347
348
348
348
348
348
348
348
348
348
348
348
348
348
348
348
348
348
348
348
348
348
348
348
348
348
348
348
348
350
350
350
350
350
350
350
350
350
350
350
350
350
350
352
352
352
352
352
352
352
352
352
352
352
352
352
352
352
354
354
354
354
354
354
354
354
354
354
354
354
354
354
354
355
355
355
355
355
355
355
355
355
355
355
355
355
356
356
356
356
356
356
356
356
356
356
356
356
356
356
357
357
357
357
357
357
357
357
357
357
357
357
357
357
357
357
357
357
357
357
357
357
357
358
358
358
358
358
358
358
358
358
358
358
358
358
358
358
358
358
358
361
361
361
361
361
361
361
361
361
361
361
361
361
361
361
362
362
362
362
362
362
362
362
362
362
362
362
362
362
362
362
362
362
362
362
362
362
362
362
364
364
364
364
364
364
364
364
364
364
364
364
364
364
364
364
364
364
364
364
364
364
364
364
364
365
365
365
365
365
365
365
365
365
365
365
365
365
365
365
366
366
366
366
366
366
366
366
366
366
366
366
366
366
366
366
366
366
366
366
366
366
368
368
368
368
368
368
368
368
368
368
368
368
369
369
369
369
369
369
369
369
369
369
369
369
369
369
369
369
369
369
369
369
369
369
369
369
369
369
370
370
370
370
370
370
370
370
370
370
370
370
370
370
370
370
370
370
371
371
371
371
371
371
371
371
371
371
371
371
371
371
371
371
371
371
371
371
371
371
371
371
371
371
371
371
373
373
373
373
373
373
373
373
373
373
373
373
373
373
373
373
373
373
373
373
373
373
373
373
373
373
373
373
373
373
373
373
374
374
374
374
374
374
374
374
374
374
374
374
374
374
374
374
374
374
374
374
374
374
374
375
375
375
375
375
375
375
375
375
375
375
375
375
375
375
375
375
375
375
375
375
375
375
375
375
375
375
376
376
376
376
376
376
376
376
376
376
376
376
376
376
376
376
377
377
377
377
377
377
377
377
377
377
377
377
377
377
377
377
377
377
377
379
379
379
379
379
379
379
379
379
379
379
379
379
379
379
379
379
379
379
379
379
379
379
379
379
379
379
379
380
380
380
380
380
380
380
380
380
380
380
380
380
380
380
380
380
380
381
381
381
381
381
381
381
381
381
381
381
381
383
383
383
383
383
383
383
383
383
383
383
383
383
383
383
383
383
384
384
384
384
384
384
384
384
384
384
384
384
384
384
384
384
384
384
384
384
384
384
384
384
384
390
390
390
390
390
390
390
390
390
390
390
390
390
391
391
391
391
391
391
391
391
391
391
391
391
391
391
391
391
391
391
389
389
389
389
389
389
389
389
389
389
389
389
389
392
392
392
392
392
392
392
392
392
392
392
392
392
392
392
392
392
392
392
392
392
392
392
392
393
393
393
393
393
393
393
393
393
393
393
393
393
393
393
393
393
393
393
393
393
393
393
393
393
394
394
394
394
394
394
394
394
394
394
394
394
394
394
394
394
394
394
394
394
394
394
394
394
394
394
394
395
395
395
395
395
395
395
395
395
395
395
395
395
395
395
396
396
396
396
396
396
396
396
396
396
396
396
396
396
396
399
399
399
399
399
399
399
399
399
399
399
399
400
400
400
400
400
400
400
400
400
400
400
400
400
400
400
400
400
400
400
401
401
401
401
401
401
401
401
401
401
401
401
401
401
401
401
401
401
401
401
401
401
401
401
401
401
401
401
401
401
401
401
401
401
401
401
401
401
401
401
401
401
401
401
401
402
402
402
402
402
402
402
402
402
402
402
402
402
402
402
402
402
402
402
402
402
402
402
402
402
402
402
402
402
402
402
402
403
403
403
403
403
403
403
403
403
403
403
403
403
405
405
405
405
405
405
405
405
405
405
405
405
405
405
405
405
405
405
405
405
405
405
405
405
405
405
405
405
406
406
406
406
406
406
406
406
406
406
406
406
406
406
406
406
406
406
406
406
406
406
406
406
406
406
406
407
407
407
407
407
407
407
407
407
407
407
407
407
407
408
408
408
408
408
408
408
408
408
408
408
408
408
408
409
409
409
409
409
409
409
409
409
409
409
409
410
410
410
410
410
410
410
410
410
410
410
410
410
410
410
410
410
410
410
410
412
412
412
412
412
412
412
412
412
412
412
412
412
412
412
412
412
412
412
412
412
412
412
414
414
414
414
414
414
414
414
414
414
415
415
415
415
415
415
415
415
415
415
415
415
415
415
415
415
415
415
415
415
416
416
416
416
416
416
416
416
416
416
416
416
416
416
416
416
416
416
416
416
416
416
416
416
416
417
417
417
417
417
417
417
417
417
417
417
417
417
417
417
417
417
417
417
417
418
418
418
418
418
418
418
418
418
418
418
418
418
418
418
418
418
418
418
418
418
418
418
418
418
418
418
419
419
419
419
419
419
419
419
419
419
419
419
419
419
419
419
419
419
419
419
419
419
419
419
419
419
419
419
419
420
420
420
420
420
420
420
420
420
420
420
420
420
420
420
420
420
420
420
420
420
420
420
420
420
420
420
420
420
422
422
422
422
422
422
422
422
422
422
422
422
422
422
422
422
422
422
422
422
422
422
422
422
422
422
422
422
422
422
422
422
422
422
422
422
422
422
422
422
422
422
422
422
422
422
422
422
422
422
422
422
422
422
422
422
422
422
422
422
422
422
422
422
422
422
422
422
422
422
422
422
422
422
422
422
422
422
422
422
422
422
422
422
422
422
422
424
424
424
424
424
424
424
424
424
424
424
424
424
424
424
424
424
424
424
424
424
424
424
424
424
424
424
424
424
424
424
427
427
427
427
427
427
427
427
427
427
431
431
431
431
431
431
431
431
431
431
431
431
431
431
431
431
431
431
431
431
431
432
432
432
432
432
432
432
432
432
432
432
432
432
432
432
432
432
432
432
432
432
432
432
432
432
432
432
432
434
434
434
434
434
434
434
434
434
434
434
434
434
434
434
434
435
435
435
435
435
435
435
435
435
435
435
435
435
435
435
435
435
435
435
435
435
435
435
435
435
435
435
436
436
436
436
436
436
436
436
436
436
436
436
436
436
436
436
436
436
436
436
436
436
436
436
436
436
436
436
436
436
436
437
437
437
437
437
437
437
437
437
437
437
437
437
437
437
437
437
437
437
437
437
437
437
437
438
438
438
438
438
438
438
438
438
438
438
438
438
438
438
438
438
438
438
438
438
438
438
438
438
438
438
438
438
438
438
438
438
439
439
439
439
439
439
439
439
439
439
439
439
439
439
439
439
439
439
439
439
439
439
439
439
439
439
439
441
441
441
441
441
441
441
441
441
441
441
441
441
441
441
441
441
441
441
441
441
441
441
441
441
441
441
441
441
441
442
442
442
442
442
442
442
442
442
442
442
442
442
442
442
442
442
442
442
442
442
442
442
442
443
443
443
443
443
443
443
443
443
443
443
443
443
444
444
444
444
444
444
444
444
444
444
444
444
444
444
444
444
444
444
444
444
444
444
445
445
445
445
445
445
445
445
445
445
445
445
445
445
445
445
445
445
445
445
445
446
446
446
446
446
446
446
446
446
446
446
446
446
446
446
446
446
446
446
446
446
446
446
446
446
446
446
446
447
447
447
447
447
447
447
447
447
447
447
447
447
447
447
447
447
447
447
447
447
447
447
447
447
447
447
447
448
448
448
448
448
448
448
448
448
448
448
448
448
448
448
448
448
448
448
448
448
448
448
448
448
449
449
449
449
449
449
449
449
449
449
449
449
449
449
449
449
449
449
449
449
449
449
449
450
450
450
450
450
450
450
450
450
450
450
450
450
452
452
452
452
452
452
452
452
452
452
452
452
452
452
452
452
452
452
452
452
452
452
452
452
452
452
452
452
453
453
453
453
453
453
453
453
453
453
453
453
453
453
453
453
453
453
453
453
453
455
455
455
455
455
455
455
455
455
455
455
455
455
455
455
455
455
455
455
455
455
455
455
455
455
455
455
455
456
456
456
456
456
456
456
456
456
456
456
456
456
456
456
456
456
456
456
456
456
456
456
456
456
457
457
457
457
457
457
457
457
457
457
457
457
457
457
457
457
457
457
457
457
457
457
457
457
457
457
457
457
458
458
458
458
458
458
458
458
458
458
458
458
458
458
458
458
458
458
458
458
458
458
458
458
458
458
458
458
458
458
458
458
458
458
458
458
458
458
458
458
458
458
458
458
458
458
458
458
458
458
458
459
459
459
459
459
459
459
459
459
459
459
459
459
459
459
459
460
460
460
460
460
460
460
460
460
460
460
460
460
460
460
460
461
461
461
461
461
461
461
461
461
461
461
461
461
461
461
461
461
461
461
461
461
461
461
461
461
461
461
463
463
463
463
463
463
463
463
463
463
463
465
465
465
465
465
465
465
465
465
465
465
465
465
465
465
465
465
465
465
465
465
465
465
465
465
465
465
465
465
465
465
465
467
467
467
467
467
467
467
467
467
467
467
467
467
467
467
468
468
468
468
468
468
468
468
468
468
468
468
468
468
468
468
468
468
468
468
468
468
468
468
468
468
468
468
468
468
469
469
469
469
469
469
469
469
469
469
469
469
469
469
469
469
469
469
469
469
469
469
469
469
469
469
469
469
471
471
471
471
471
471
471
471
471
471
471
471
471
471
471
471
471
471
471
472
472
472
472
472
472
472
472
472
472
472
472
472
472
472
472
472
472
472
472
472
472
472
472
472
472
472
472
473
473
473
473
473
473
473
473
473
473
473
473
473
473
473
473
473
473
473
473
473
473
473
473
473
473
473
474
474
474
474
474
474
474
474
474
474
474
474
474
474
474
474
474
474
474
474
474
475
475
475
475
475
475
475
475
475
475
475
475
475
475
475
475
475
475
475
475
475
475
475
475
475
475
475
475
475
475
475
476
476
476
476
476
476
476
476
476
476
476
476
477
477
477
477
477
477
477
477
477
477
477
477
477
477
477
477
477
477
477
477
477
477
477
477
477
477
477
477
477
477
477
477
477
477
477
477
477
477
477
477
477
477
477
477
477
477
477
477
477
477
477
477
477
478
478
478
478
478
478
478
478
478
478
478
478
478
478
478
478
478
478
478
478
478
478
478
479
479
479
479
479
479
479
479
479
479
479
479
479
479
479
479
479
479
479
479
479
479
479
479
479
479
479
479
479
479
479
480
480
480
480
480
480
480
480
480
480
480
480
480
480
480
480
480
480
480
480
480
480
480
480
480
480
480
481
481
481
481
481
481
481
481
481
481
481
481
481
481
481
481
481
481
481
481
481
481
481
481
481
481
481
481
481
481
481
482
482
482
482
482
482
482
482
482
482
482
482
482
482
482
482
482
482
482
482
482
482
482
482
482
482
484
484
484
484
484
484
484
484
484
484
484
484
484
485
485
485
485
485
485
485
485
485
485
485
485
485
485
485
485
485
485
485
485
485
485
485
485
487
487
487
487
487
487
487
487
487
487
487
487
487
487
487
487
488
488
488
488
488
488
488
488
488
488
488
488
488
488
488
488
490
490
490
490
490
490
490
490
490
490
490
490
490
490
490
490
491
491
491
491
491
491
491
491
491
491
491
491
491
492
492
492
492
492
492
492
492
492
492
492
492
492
492
494
494
494
494
494
494
494
494
494
494
494
494
494
494
494
495
495
495
495
495
495
495
495
495
495
495
495
495
495
495
495
495
495
495
495
495
495
495
495
495
495
495
495
496
496
496
496
496
496
496
496
496
496
496
499
499
499
499
499
499
499
499
499
499
499
499
499
499
499
499
499
499
499
499
499
499
499
499
499
499
499
499
499
499
500
500
500
500
500
500
500
500
500
500
500
500
500
500
500
504
504
504
504
504
504
504
504
504
504
504
504
504
506
506
506
506
506
506
506
506
506
506
506
506
506
506
506
506
506
506
506
506
506
506
506
506
506
506
506
506
506
508
508
508
508
508
508
508
508
508
508
508
508
508
508
508
508
508
508
508
508
508
508
508
508
508
508
508
509
509
509
509
509
509
509
509
509
509
509
509
509
509
509
509
509
509
509
509
509
509
509
509
509
509
509
509
509
509
513
513
513
513
513
513
513
513
513
513
513
513
513
513
513
513
513
513
513
513
513
513
513
513
513
513
513
513
513
513
513
511
511
511
511
511
511
511
511
511
511
511
511
511
512
512
512
512
512
512
512
512
512
512
512
512
512
512
512
512
512
512
512
512
512
512
512
512
512
512
512
512
512
515
515
515
515
515
515
515
515
515
515
515
515
515
515
515
515
515
515
515
515
515
515
515
516
516
516
516
516
516
516
516
516
516
516
516
516
516
516
516
516
516
516
516
516
516
516
516
516
516
516
516
516
516
516
517
517
517
517
517
517
517
517
517
517
517
517
517
517
517
517
517
517
517
517
517
517
517
517
517
517
517
517
517
517
517
519
519
519
519
519
519
519
519
519
519
519
519
519
519
519
519
520
520
520
520
520
520
520
520
520
520
520
520
520
520
520
520
520
520
520
520
520
520
520
520
520
520
520
520
520
520
520
520
520
520
520
520
520
520
520
520
520
520
520
521
521
521
521
521
521
521
521
521
521
521
521
521
521
521
521
521
521
521
521
521
521
521
521
521
521
521
523
523
523
523
523
523
523
523
523
523
523
523
523
523
523
523
523
523
523
524
524
524
524
524
524
524
524
524
524
524
524
524
524
524
524
524
524
524
524
524
524
524
524
524
525
525
525
525
525
525
525
525
525
525
525
525
525
525
525
525
525
525
525
525
525
525
525
525
525
526
526
526
526
526
526
526
526
526
526
526
526
526
526
526
526
526
526
526
526
526
526
526
526
526
526
526
526
526
527
527
527
527
527
527
527
527
527
527
527
527
527
527
527
527
528
528
528
528
528
528
528
528
528
528
528
528
528
528
529
529
529
529
529
529
529
529
529
529
529
529
529
529
529
529
529
529
529
529
529
529
529
529
529
529
529
529
529
529
529
529
529
529
529
529
529
529
529
529
529
529
529
529
529
529
529
529
529
529
529
529
529
529
529
529
529
529
529
529
529
529
529
529
529
529
529
529
529
529
529
531
531
531
531
531
531
531
531
531
531
531
531
531
531
531
531
532
532
532
532
532
532
532
532
532
532
532
532
532
533
533
533
533
533
533
533
533
533
533
533
533
533
533
533
533
533
533
533
533
533
533
533
533
533
533
534
534
534
534
534
534
534
534
534
534
534
534
534
534
534
534
534
534
534
534
534
534
534
534
534
534
535
535
535
535
535
535
535
535
535
535
535
535
535
535
535
535
535
535
535
535
535
535
535
535
535
535
535
535
535
535
535
535
535
535
535
535
535
535
535
535
535
536
536
536
536
536
536
536
536
536
536
536
536
536
536
536
536
536
536
536
536
536
536
536
536
536
536
536
536
536
537
537
537
537
537
537
537
537
537
537
537
537
537
537
537
537
538
538
538
538
538
538
538
538
538
538
538
538
538
538
539
539
539
539
539
539
539
539
539
539
539
539
539
540
540
540
540
540
540
540
540
540
540
540
540
540
540
540
540
540
540
540
540
540
540
540
540
540
541
541
541
541
541
541
541
541
541
541
541
541
541
541
541
541
541
541
541
542
542
542
542
542
542
542
542
542
542
542
542
542
542
542
542
542
542
542
542
542
542
542
542
542
542
542
542
542
542
543
543
543
543
543
543
543
543
543
543
543
543
543
543
543
543
543
543
543
543
543
543
543
543
543
543
543
543
543
544
544
544
544
544
544
544
544
544
544
544
544
544
544
544
544
544
544
544
544
544
544
544
544
544
544
545
545
545
545
545
545
545
545
545
545
545
545
545
545
545
545
545
545
545
545
545
546
546
546
546
546
546
546
546
546
546
547
547
547
547
547
547
547
547
547
547
547
548
548
548
548
548
548
548
548
548
548
548
548
548
548
548
548
548
548
548
548
549
549
549
549
549
549
549
549
549
549
549
549
549
549
549
549
549
549
549
549
549
549
549
549
549
550
550
550
550
550
550
550
550
550
550
550
550
550
550
550
550
550
550
550
550
550
550
550
551
551
551
551
551
551
551
551
551
551
551
551
551
551
551
551
551
551
551
551
551
551
551
551
551
551
552
552
552
552
552
552
552
552
552
552
552
552
552
552
552
552
552
552
552
552
552
552
553
553
553
553
553
553
553
553
553
553
553
553
553
553
553
553
553
553
553
553
553
553
553
553
553
553
553
553
553
553
553
553
553
553
553
553
553
553
553
553
553
553
553
553
553
553
553
553
553
553
553
553
553
553
553
553
553
553
553
553
553
553
553
553
553
553
553
553
553
553
553
553
553
553
553
553
553
553
553
553
553
553
553
554
554
554
554
554
554
554
554
554
554
554
554
554
554
554
554
554
554
554
554
554
554
554
554
554
554
554
554
554
554
554
554
555
555
555
555
555
555
555
555
555
555
555
555
555
555
555
555
555
555
555
555
555
555
555
555
555
555
555
555
555
555
555
555
555
555
556
556
556
556
556
556
556
556
556
556
556
556
556
556
556
556
556
556
557
557
557
557
557
557
557
557
557
557
557
557
557
557
557
557
557
557
557
557
557
557
557
557
557
558
558
558
558
558
558
558
558
558
558
558
558
558
558
558
558
558
558
558
558
558
558
558
558
558
558
558
559
559
559
559
559
559
559
559
559
559
559
559
559
559
559
559
559
559
559
559
559
559
559
559
560
560
560
560
560
560
560
560
560
560
560
560
560
560
560
560
560
560
560
560
560
560
560
560
560
560
561
561
561
561
561
561
561
561
561
561
561
561
561
561
561
561
561
561
561
561
561
561
561
561
561
561
561
561
561
561
561
561
562
562
562
562
562
562
562
562
562
562
562
562
562
562
562
563
563
563
563
563
563
563
563
563
563
563
563
563
563
563
563
563
563
563
563
563
563
563
563
563
563
563
563
563
563
563
563
563
563
563
563
563
563
563
563
563
563
563
563
563
563
563
563
564
564
564
564
564
564
564
564
564
564
564
565
565
565
565
565
565
565
565
565
565
565
565
565
565
565
565
565
565
565
565
565
565
565
565
565
565
565
566
566
566
566
566
566
566
566
566
566
566
566
566
566
566
567
567
567
567
567
567
567
567
567
567
567
567
568
568
568
568
568
568
568
568
568
568
568
568
568
568
568
568
569
569
569
569
569
569
569
569
569
569
569
569
569
569
569
569
569
569
569
569
569
569
569
569
569
569
569
569
569
569
569
569
569
569
570
570
570
570
570
570
570
570
570
570
570
570
570
570
570
570
570
570
570
570
571
571
571
571
571
571
571
571
571
571
571
571
571
571
571
571
571
571
571
571
571
571
571
571
571
571
571
571
571
572
572
572
572
572
572
572
572
572
572
572
572
572
572
572
572
572
572
572
572
572
572
572
572
572
572
572
572
572
572
573
573
573
573
573
573
573
573
573
573
573
573
573
573
573
573
573
573
573
573
573
573
573
573
574
574
574
574
574
574
574
574
574
574
574
574
574
574
574
575
575
575
575
575
575
575
575
575
575
576
576
576
576
576
576
576
576
576
576
576
576
576
576
576
576
576
576
576
576
576
576
576
576
576
576
576
576
576
576
576
576
576
576
576
576
576
576
576
576
576
576
576
576
577
577
577
577
577
577
577
577
577
577
577
578
578
578
578
578
578
578
578
578
578
578
578
578
579
579
579
579
579
579
579
579
579
579
579
579
579
579
579
579
579
579
579
579
579
579
579
579
579
579
579
579
579
579
579
579
579
579
579
579
579
579
579
579
579
579
579
579
579
579
579
579
579
579
579
579
579
579
579
579
579
579
580
580
580
580
580
580
580
580
580
580
580
580
580
580
580
580
580
580
580
580
580
580
580
580
580
580
580
580
580
580
580
580
580
580
580
580
580
580
580
580
580
580
580
580
580
580
580
580
580
580
580
580
580
580
580
580
580
580
581
581
581
581
581
581
581
581
581
581
581
581
581
581
581
581
581
581
581
581
581
581
581
581
581
581
581
581
581
581
581
581
581
581
581
581
581
581
581
581
581
581
581
581
581
581
581
581
581
581
581
581
581
581
581
581
581
581
581
581
581
582
582
582
582
582
582
582
582
582
582
582
582
582
582
582
582
582
582
582
582
582
582
582
582
582
582
582
582
582
583
583
583
583
583
583
583
583
583
583
583
584
584
584
584
584
584
584
584
584
584
584
584
585
585
585
585
585
585
585
585
585
585
585
585
585
585
585
585
585
585
586
586
586
586
586
586
586
586
586
586
586
586
586
586
591
591
591
591
591
591
591
591
591
591
591
591
591
592
592
592
592
592
592
592
592
592
592
592
592
592
597
597
597
597
597
597
597
597
597
597
597
597
597
597
597
597
597
597
597
597
597
597
597
597
597
597
597
597
597
597
597
597
597
597
597
597
597
597
597
597
597
597
597
597
597
597
597
597
597
597
597
597
597
597
597
597
597
597
597
597
597
597
597
597
597
597
597
597
597
597
597
597
597
597
597
597
597
597
597
597
597
597
597
597
597
597
597
597
597
597
597
597
597
597
597
597
597
597
597
600
600
600
600
600
600
600
600
600
600
600
600
601
601
601
601
601
601
601
601
601
601
601
601
601
601
601
601
601
601
601
601
601
601
601
601
601
601
601
601
601
601
601
601
601
601
601
601
601
601
601
601
601
601
601
601
601
601
601
601
601
601
601
601
601
601
601
601
601
601
602
602
602
602
602
602
602
602
602
602
602
602
602
602
602
602
602
602
602
602
602
604
604
604
604
604
604
604
604
604
604
604
604
604
604
604
604
604
604
604
604
605
605
605
605
605
605
605
605
605
605
605
605
606
606
606
606
606
606
606
606
606
606
606
606
606
606
606
606
606
606
606
606
606
606
606
606
606
606
606
607
607
607
607
607
607
607
607
607
607
607
607
607
607
607
611
611
611
611
611
611
611
611
611
611
611
611
611
611
611
611
611
617
617
617
617
617
617
617
617
617
617
617
617
617
617
617
617
617
617
617
617
618
618
618
618
618
618
618
618
618
618
618
618
618
618
618
618
618
618
618
618
618
618
618
618
618
618
618
618
618
618
618
618
618
619
619
619
619
619
619
619
619
619
619
619
619
619
619
619
619
619
619
620
620
620
620
620
620
620
620
620
620
620
620
620
620
620
620
620
620
620
621
621
621
621
621
621
621
621
621
621
621
621
621
621
621
621
621
621
623
623
623
623
623
623
623
623
623
623
623
623
623
623
625
625
625
625
625
625
625
625
625
625
625
625
625
625
625
625
625
625
625
625
627
627
627
627
627
627
627
627
627
627
627
627
627
627
627
627
627
627
627
627
630
630
630
630
630
630
630
630
630
630
630
632
632
632
632
632
632
632
632
632
632
632
632
632
632
632
632
633
633
633
633
633
633
633
633
633
633
633
633
633
633
633
633
633
633
633
634
634
634
634
634
634
634
634
634
634
634
634
634
634
634
634
634
634
634
634
634
634
634
636
636
636
636
636
636
636
636
636
636
636
636
637
637
637
637
637
637
637
637
637
637
637
637
637
637
637
637
637
637
637
637
637
637
637
637
637
637
637
637
637
637
637
637
637
637
637
637
637
637
637
637
637
637
637
637
637
637
637
637
637
637
637
637
637
637
637
637
637
637
637
637
637
637
637
637
637
637
637
637
638
638
638
638
638
638
638
638
638
638
638
638
638
638
638
638
638
638
638
638
638
638
638
638
639
639
639
639
639
639
639
639
639
639
639
639
639
639
639
639
639
639
639
639
639
639
639
643
643
643
643
643
643
643
643
643
643
643
643
643
643
644
644
644
644
644
644
644
644
644
644
644
644
644
644
644
644
644
644
644
645
645
645
645
645
645
645
645
645
645
645
645
645
645
646
646
646
646
646
646
646
646
646
646
646
646
646
646
646
646
646
646
646
646
646
646
646
646
646
648
648
648
648
648
648
648
648
648
648
648
648
648
648
648
648
648
648
648
650
650
650
650
650
650
650
650
650
650
650
650
650
650
650
650
650
650
650
650
650
650
650
650
650
650
650
650
650
650
650
650
650
650
650
650
650
653
653
653
653
653
653
653
653
653
653
653
653
653
653
653
653
653
653
654
654
654
654
654
654
654
654
654
654
654
654
654
654
654
657
657
657
657
657
657
657
657
657
657
657
657
657
657
657
657
657
657
657
658
658
658
658
658
658
658
658
658
658
661
661
661
661
661
661
661
661
661
661
661
661
661
661
661
661
661
661
661
661
661
661
661
661
661
661
661
661
661
661
661
661
661
661
661
661
664
664
664
664
664
664
664
664
664
664
664
664
664
664
664
664
664
664
665
665
665
665
665
665
665
665
665
665
665
665
665
665
665
665
665
665
665
665
667
667
667
667
667
667
667
667
667
667
667
667
667
667
667
667
667
668
668
668
668
668
668
668
668
668
668
668
668
668
668
668
668
668
668
668
668
668
668
668
668
668
668
668
669
669
669
669
669
669
669
669
669
669
669
669
669
669
669
669
670
670
670
670
670
670
670
670
670
670
670
670
670
670
670
670
670
670
670
670
670
670
670
670
670
670
670
670
671
671
671
671
671
671
671
671
671
671
671
671
671
671
671
673
673
673
673
673
673
673
673
673
673
673
673
673
673
673
673
673
673
673
673
673
673
673
673
673
673
673
673
673
673
673
673
673
673
673
673
673
673
673
673
673
673
673
673
673
673
673
673
673
673
673
673
673
673
673
673
673
673
673
673
673
673
673
673
673
674
674
674
674
674
674
674
674
674
674
674
674
674
674
674
674
674
674
674
674
674
674
674
674
675
675
675
675
675
675
675
675
675
675
675
675
675
675
675
675
676
676
676
676
676
676
676
676
676
676
676
676
676
676
676
676
676
676
677
677
677
677
677
677
677
677
677
677
677
677
677
677
677
677
677
677
677
677
677
677
679
679
679
679
679
679
679
679
679
679
679
679
679
679
679
679
679
679
679
679
679
679
679
679
679
679
679
680
680
680
680
680
680
680
680
680
680
680
680
680
680
680
680
680
680
680
680
680
680
680
680
680
680
681
681
681
681
681
681
681
681
681
681
681
681
681
681
681
681
681
681
681
681
681
681
683
683
683
683
683
683
684
684
684
684
684
684
684
684
684
684
684
684
684
684
684
684
684
684
684
684
685
685
685
685
685
685
685
685
685
685
685
685
685
685
685
685
685
685
686
686
686
686
686
686
686
686
686
686
686
686
686
686
686
686
686
686
686
687
687
687
687
687
687
687
687
687
687
687
687
687
687
687
687
687
687
689
689
689
689
689
689
689
689
689
689
689
689
689
689
689
689
689
689
689
689
689
689
689
689
689
689
689
689
689
689
689
689
689
689
689
689
689
689
689
689
689
689
689
689
689
689
689
689
689
689
689
689
689
689
689
689
689
689
689
689
689
689
689
689
689
689
689
689
689
689
689
689
689
689
689
689
689
689
689
689
689
689
689
689
689
689
689
689
689
689
689
689
689
689
689
689
689
689
689
689
689
689
689
689
689
689
689
689
689
689
690
690
690
690
690
690
690
690
690
690
690
690
690
690
690
690
690
690
690
690
690
695
695
695
695
695
695
695
695
695
695
695
695
695
695
695
695
695
695
695
695
695
695
698
698
698
698
698
698
698
698
698
698
698
698
698
698
700
700
700
700
700
700
700
700
700
700
701
701
701
701
701
701
701
701
701
701
701
701
701
701
701
701
701
701
701
701
10
10
10
10
10
10
10
10
10
10
10
10
10
10
247
247
247
247
247
247
247
247
247
247
247
247
247
247
247
247
249
249
249
249
249
249
249
249
249
249
249
249
249
249
249
249
249
257
257
257
257
257
257
257
257
257
257
257
257
257
257
257
257
257
257
257
257
262
262
262
262
262
262
262
262
262
262
262
262
262
262
262
262
262
262
262
262
260
260
260
260
260
260
260
260
260
260
260
260
260
260
260
260
260
260
260
260
265
265
265
265
265
265
265
265
265
265
265
265
691
691
691
691
691
691
691
691
691
691
691
691
691
691
691
691
269
269
269
269
269
269
269
269
269
269
269
269
269
269
269
269
269
269
269
269
269
269
269
269
269
269
279
279
279
279
279
279
279
279
279
279
279
279
279
279
279
279
279
279
279
295
295
295
295
295
295
295
295
295
295
295
295
295
295
295
295
295
295
295
295
295
300
300
300
300
300
300
300
300
300
300
300
300
300
300
300
300
300
300
300
300
300
300
300
300
300
300
300
300
300
300
300
300
300
300
300
326
326
326
326
326
326
326
326
326
326
326
326
326
326
326
326
326
326
326
326
326
326
340
340
340
340
340
340
340
340
340
340
340
340
340
340
343
343
343
343
343
343
343
343
343
343
343
343
343
343
343
343
343
343
343
343
351
351
351
351
351
351
351
351
351
351
351
351
351
351
351
351
351
351
351
351
351
351
351
360
360
360
360
360
360
360
360
360
360
360
360
360
360
360
372
372
372
372
372
372
372
372
372
372
372
372
372
372
372
372
372
372
372
372
372
372
372
372
386
386
386
386
386
386
386
386
386
386
386
397
397
397
397
397
397
397
397
397
397
397
397
397
397
397
397
397
397
397
397
397
397
397
397
397
397
397
397
397
397
397
397
397
397
397
397
397
397
397
397
397
397
397
397
397
397
398
398
398
398
398
398
398
398
398
398
398
398
398
398
398
398
398
398
398
398
398
398
398
398
398
398
398
398
398
398
398
398
398
398
398
398
398
398
398
398
398
398
398
398
398
430
430
430
430
430
430
430
430
430
430
430
430
430
430
430
430
430
430
430
430
430
430
430
430
489
489
489
489
489
489
489
489
489
489
489
489
489
489
493
493
493
493
493
493
493
493
493
493
493
493
493
493
493
493
493
493
493
493
493
493
493
493
493
493
493
493
493
493
493
493
493
493
493
493
493
493
493
493
493
493
493
493
493
493
497
497
497
497
497
497
497
497
497
497
497
497
497
497
497
497
497
497
497
497
497
497
497
497
497
497
497
497
502
502
502
502
502
502
502
502
502
502
502
502
502
502
502
502
502
502
518
518
518
518
518
518
518
518
518
518
518
518
518
518
518
518
518
518
518
518
518
518
518
518
518
518
518
518
518
518
518
518
518
518
518
518
518
518
518
518
518
518
518
518
518
518
518
518
587
587
587
587
587
587
587
587
587
587
587
587
587
587
587
587
587
587
587
587
587
590
590
590
590
590
590
590
590
590
590
590
590
590
590
590
590
590
598
598
598
598
598
598
598
598
598
598
598
598
598
598
598
598
598
598
598
598
598
598
598
598
598
598
598
598
598
598
598
598
598
598
598
598
598
598
598
598
598
598
598
598
598
598
598
598
598
598
598
598
598
598
598
599
599
599
599
599
599
599
599
599
609
609
609
609
609
609
609
609
609
609
609
609
609
609
609
612
612
612
612
612
612
612
612
612
612
612
612
612
613
613
613
613
613
613
613
613
613
613
613
613
613
614
614
614
614
614
614
614
614
614
614
614
614
615
615
615
615
615
615
615
615
615
615
615
615
615
615
616
616
616
616
616
616
616
616
616
616
616
616
622
622
622
622
622
622
622
622
622
622
622
622
622
622
622
622
624
624
624
624
624
624
624
624
624
624
624
626
626
626
626
626
626
626
626
626
626
626
626
626
626
626
626
626
626
626
626
626
626
628
628
628
628
628
628
628
628
628
628
628
628
628
629
629
629
629
629
629
629
629
629
629
629
629
629
631
631
631
631
631
631
631
631
631
631
631
631
631
631
631
631
631
635
635
635
635
635
635
635
635
635
635
635
635
635
635
635
635
635
635
635
635
635
635
635
635
635
635
635
635
635
635
635
635
635
635
635
635
635
635
635
635
635
635
635
635
635
635
635
635
635
635
635
635
635
635
635
635
635
635
635
635
635
635
635
635
635
635
635
635
635
635
635
635
635
635
635
635
635
635
635
635
635
635
635
635
635
635
635
635
635
635
635
635
635
635
635
635
635
635
635
635
635
635
635
635
635
635
635
635
635
635
635
635
635
635
635
635
635
635
635
635
635
635
635
635
635
635
635
635
635
635
635
635
635
635
635
635
635
635
635
635
635
635
635
635
635
635
635
635
635
635
635
635
635
635
635
635
635
635
635
635
635
635
635
635
635
635
635
635
635
635
635
635
635
635
635
635
635
635
635
635
635
635
635
635
635
635
635
635
635
635
635
635
635
635
635
635
635
635
635
635
635
640
640
640
640
640
640
640
640
640
640
640
640
641
641
641
641
641
641
641
641
641
641
641
641
641
641
642
642
642
642
642
642
642
642
642
642
642
642
642
642
642
642
642
642
642
642
642
642
642
642
642
642
647
647
647
647
647
647
647
647
647
647
647
649
649
649
649
649
649
649
649
649
649
649
651
651
651
651
651
651
651
651
651
651
651
651
651
652
652
652
652
652
652
652
652
652
652
652
652
652
656
656
656
656
656
656
656
656
656
656
656
656
656
656
656
656
656
656
656
656
656
656
656
656
656
656
656
656
656
656
656
656
656
656
656
656
656
656
656
656
656
656
656
656
656
656
656
656
656
656
656
656
656
656
656
656
656
656
656
656
656
656
656
656
656
656
656
656
656
656
656
656
656
656
656
656
656
656
656
656
656
656
656
656
656
656
656
656
656
656
656
656
656
656
656
656
656
656
656
656
656
656
656
656
656
656
656
656
656
656
656
656
656
656
656
656
656
656
656
656
656
656
659
659
659
659
659
659
659
659
659
659
659
659
659
660
660
660
660
660
660
660
660
660
660
660
662
662
662
662
662
662
662
662
662
662
662
662
662
662
662
662
662
662
662
662
662
662
662
662
662
662
662
662
662
662
662
662
662
662
662
662
662
662
662
662
662
662
662
662
662
662
662
662
662
662
662
662
662
662
662
662
662
662
662
662
662
662
662
662
662
662
662
662
662
662
662
662
662
662
662
662
662
662
662
662
662
662
662
662
662
662
662
662
662
662
662
662
662
662
662
662
662
662
662
662
662
662
662
662
662
662
662
662
662
662
662
662
662
662
662
662
662
662
662
662
662
662
662
662
662
662
662
662
662
662
662
662
662
662
662
662
662
662
662
662
662
662
662
662
662
662
662
662
662
662
662
662
662
662
662
662
662
662
662
662
662
662
662
662
662
662
662
662
662
662
662
662
662
662
662
662
662
662
662
662
662
662
662
662
662
662
662
662
662
662
662
662
662
662
662
662
662
662
662
662
662
662
662
662
662
662
662
662
662
662
662
662
662
662
662
662
662
662
662
662
662
662
662
662
662
662
662
662
662
662
662
662
662
662
662
662
662
662
662
662
662
662
662
662
662
662
662
662
662
662
662
662
662
662
662
662
662
662
662
662
662
662
662
662
662
662
662
662
662
662
662
662
662
662
662
662
662
662
662
662
662
662
662
662
662
662
662
662
662
663
663
663
663
663
663
663
663
663
663
663
663
666
666
666
666
666
666
666
666
666
666
666
666
666
666
692
692
692
692
692
692
692
692
692
692
692
692
692
692
692
692
692
692
693
693
693
693
693
693
693
693
693
693
693
693
693
693
693
693
694
694
694
694
694
694
694
694
694
694
694
694
694
694
694
694
694
696
696
696
696
696
696
696
696
696
696
696
696
696
696
696
696
696
696
697
697
697
697
697
697
697
697
697
697
697
697
697
697
697
697
697
697
699
699
699
699
699
699
699
699
699
699
699
699
699
699
699
699
699
699
0
0
0
0
0
0
0
0
0
0
0
0
0
0
0
0
0
4
4
4
4
4
4
4
4
4
4
4
4
4
4
4
4
4
4
3
3
3
3
3
3
3
3
3
3
3
3
3
3
3
3
3
3
3
3
5
5
5
5
5
5
5
5
5
5
5
5
5
5
5
5
5
6
6
6
6
6
6
6
6
6
6
6
6
6
6
6
6
9
9
9
9
9
9
9
9
9
9
9
9
9
9
9
9
9
9
9
9
9
9
9
13
13
13
13
13
13
13
13
13
13
13
13
13
13
13
13
13
13
13
18
18
18
18
18
18
18
18
18
18
18
18
18
18
18
18
18
18
18
24
24
24
24
24
24
24
24
24
24
24
24
24
24
24
24
24
24
25
25
25
25
25
25
25
25
25
25
25
25
25
25
25
25
27
27
27
27
27
27
27
27
27
27
27
27
27
27
27
27
27
27
27
31
31
31
31
31
31
31
31
31
31
31
31
31
31
31
31
31
31
31
32
32
32
32
32
32
32
32
32
32
32
32
32
32
32
32
32
32
32
32
32
32
32
32
32
32
32
36
36
36
36
36
36
36
36
36
36
36
36
36
36
36
36
36
39
39
39
39
39
39
39
39
39
39
39
39
39
39
39
39
39
39
39
48
48
48
48
48
48
48
48
48
48
48
48
48
48
48
48
48
48
51
51
51
51
51
51
51
51
51
51
51
51
51
51
51
51
51
51
51
51
54
54
54
54
54
54
54
54
54
54
54
54
54
54
54
54
54
54
54
54
54
54
54
59
59
59
59
59
59
59
59
59
59
59
59
59
59
59
59
59
63
63
63
63
63
63
63
63
63
63
63
63
63
63
63
63
63
63
64
64
64
64
64
64
64
64
64
64
64
64
64
64
64
64
64
64
65
65
65
65
65
65
65
65
65
65
65
65
65
65
65
65
65
65
65
65
65
65
69
69
69
69
69
69
69
69
69
69
69
69
69
69
69
69
69
69
70
70
70
70
70
70
70
70
70
70
70
70
70
70
70
70
70
70
70
70
70
70
77
77
77
77
77
77
77
77
77
77
77
77
77
77
77
77
77
77
77
73
73
73
73
73
73
73
73
73
73
73
73
73
73
73
73
73
73
75
75
75
75
75
75
75
75
75
75
75
75
75
75
75
75
75
79
79
79
79
79
79
79
79
79
79
79
79
79
79
79
79
79
79
81
81
81
81
81
81
81
81
81
81
81
81
81
81
81
81
81
81
81
83
83
83
83
83
83
83
83
83
83
83
83
83
83
83
83
83
83
83
84
84
84
84
84
84
84
84
84
84
84
84
84
84
84
84
84
84
86
86
86
86
86
86
86
86
86
86
86
86
86
86
86
86
86
86
87
87
87
87
87
87
87
87
87
87
87
87
87
87
87
87
87
87
87
87
88
88
88
88
88
88
88
88
88
88
88
88
88
88
88
88
88
92
92
92
92
92
92
92
92
92
92
92
92
92
92
92
92
92
92
92
99
99
99
99
99
99
99
99
99
99
99
99
99
99
99
99
99
99
101
101
101
101
101
101
101
101
101
101
101
101
101
101
101
101
101
101
101
101
101
101
101
102
102
102
102
102
102
102
102
102
102
102
102
102
102
102
102
102
102
105
105
105
105
105
105
105
105
105
105
105
105
105
105
105
105
105
105
105
109
109
109
109
109
109
109
109
109
109
109
109
109
109
109
109
109
109
109
109
109
116
116
116
116
116
116
116
116
116
116
116
116
116
116
116
116
116
117
117
117
117
117
117
117
117
117
117
117
117
117
117
117
117
117
117
117
122
122
122
122
122
122
122
122
122
122
122
122
122
122
122
122
122
120
120
120
120
120
120
120
120
120
120
120
120
120
120
120
120
120
120
120
136
136
136
136
136
136
136
136
136
136
136
136
136
136
136
136
136
136
136
136
136
130
130
130
130
130
130
130
130
130
130
130
130
130
130
130
130
130
130
131
131
131
131
131
131
131
131
131
131
131
131
131
131
131
131
131
134
134
134
134
134
134
134
134
134
134
134
134
134
134
134
134
134
133
133
133
133
133
133
133
133
133
133
133
133
133
133
133
133
133
133
133
139
139
139
139
139
139
139
139
139
139
139
139
139
139
139
139
139
139
139
141
141
141
141
141
141
141
141
141
141
141
141
141
141
141
141
141
141
141
146
146
146
146
146
146
146
146
146
146
146
146
146
146
146
150
150
150
150
150
150
150
150
150
150
150
150
150
150
150
150
150
150
150
153
153
153
153
153
153
153
153
153
153
153
153
153
153
153
153
154
154
154
154
154
154
154
154
154
154
154
154
154
154
154
154
154
154
157
157
157
157
157
157
157
157
157
157
157
157
157
157
157
157
157
157
157
157
157
164
164
164
164
164
164
164
164
164
164
164
164
164
169
169
169
169
169
169
169
169
169
169
169
169
169
169
169
169
169
169
169
171
171
171
171
171
171
171
171
171
171
171
171
171
171
171
171
171
171
171
171
172
172
172
172
172
172
172
172
172
172
172
172
172
172
172
172
172
172
172
172
172
177
177
177
177
177
177
177
177
177
177
177
177
177
177
177
182
182
182
182
182
182
182
182
182
182
182
182
182
182
182
182
182
182
182
182
182
186
186
186
186
186
186
186
186
186
186
186
186
186
186
186
186
186
187
187
187
187
187
187
187
187
187
187
187
187
187
187
187
187
187
187
187
198
198
198
198
198
198
198
198
198
198
198
198
198
198
198
198
198
198
198
198
198
198
200
200
200
200
200
200
200
200
200
200
200
200
200
200
200
200
200
201
201
201
201
201
201
201
201
201
201
201
201
201
201
201
201
201
201
204
204
204
204
204
204
204
204
204
204
204
204
204
204
204
204
204
204
204
210
210
210
210
210
210
210
210
210
210
210
210
210
210
210
210
210
210
210
210
212
212
212
212
212
212
212
212
212
212
212
212
212
212
212
212
212
213
213
213
213
213
213
213
213
213
213
213
213
213
213
217
217
217
217
217
217
217
217
217
217
217
217
217
217
217
217
217
217
217
217
217
217
217
220
220
220
220
220
220
220
220
220
220
220
220
220
220
220
220
220
220
220
220
220
223
223
223
223
223
223
223
223
223
223
223
223
223
223
223
223
223
223
223
223
223
223
672
672
672
672
672
672
672
672
672
672
672
672
672
672
227
227
227
227
227
227
227
227
227
227
227
227
227
227
227
230
230
230
230
230
230
230
230
230
230
230
230
230
230
230
230
230
230
230
230
230
230
230
236
236
236
236
236
236
236
236
236
236
236
236
236
236
236
236
232
232
232
232
232
232
232
232
232
232
232
232
232
232
232
232
232
232
232
237
237
237
237
237
237
237
237
237
237
237
237
237
237
237
237
237
237
237
237
237
242
242
242
242
242
242
242
242
242
242
242
242
242
242
242
242
242
243
243
243
243
243
243
243
243
243
243
243
243
243
243
243
243
243
243
243
244
244
244
244
244
244
244
244
244
244
244
244
244
244
244
244
244
244
245
245
245
245
245
245
245
245
245
245
245
245
245
245
245
245
245
245
245
250
250
250
250
250
250
250
250
250
250
250
250
250
250
250
250
250
250
250
253
253
253
253
253
253
253
253
253
253
253
253
253
253
253
253
253
253
253
252
252
252
252
252
252
252
252
252
252
252
252
252
252
252
252
252
252
256
256
256
256
256
256
256
256
256
256
256
256
256
256
256
256
256
256
256
256
256
256
261
261
261
261
261
261
261
261
261
261
261
261
261
261
261
261
261
261
261
261
261
261
261
261
261
261
261
261
266
266
266
266
266
266
266
266
266
266
266
266
266
266
266
266
266
266
271
271
271
271
271
271
271
271
271
271
271
271
271
271
271
271
272
272
272
272
272
272
272
272
272
272
272
272
272
272
272
272
272
272
272
272
272
272
272
272
272
272
273
273
273
273
273
273
273
273
273
273
273
273
273
273
273
275
275
275
275
275
275
275
275
275
275
275
275
275
275
275
275
275
277
277
277
277
277
277
277
277
277
277
277
277
277
277
277
277
277
277
278
278
278
278
278
278
278
278
278
278
278
278
278
278
278
280
280
280
280
280
280
280
280
280
280
280
280
280
280
280
280
280
280
286
286
286
286
286
286
286
286
286
286
286
286
286
286
286
286
286
289
289
289
289
289
289
289
289
289
289
289
289
289
289
289
289
289
289
289
289
289
289
289
289
289
291
291
291
291
291
291
291
291
291
291
291
291
291
291
291
291
291
291
291
291
291
291
291
293
293
293
293
293
293
293
293
293
293
293
293
293
297
297
297
297
297
297
297
297
297
297
297
297
297
297
297
297
297
137
137
137
137
137
137
137
137
137
137
137
137
137
137
137
299
299
299
299
299
299
299
299
299
299
299
299
299
299
299
306
306
306
306
306
306
306
306
306
306
306
306
306
306
306
306
306
306
306
307
307
307
307
307
307
307
307
307
307
307
307
307
307
307
307
310
310
310
310
310
310
310
310
310
310
310
310
310
310
310
310
311
311
311
311
311
311
311
311
311
311
311
311
311
311
311
311
311
311
311
311
318
318
318
318
318
318
318
318
318
318
318
318
318
318
318
318
318
321
321
321
321
321
321
321
321
321
321
321
321
321
321
321
321
321
321
321
319
319
319
319
319
319
319
319
319
319
319
319
319
319
319
319
319
319
329
329
329
329
329
329
329
329
329
329
329
329
329
329
329
329
329
329
331
331
331
331
331
331
331
331
331
331
331
331
331
331
331
331
331
331
331
331
333
333
333
333
333
333
333
333
333
333
333
333
333
333
333
333
335
335
335
335
335
335
335
335
335
335
335
335
335
335
335
335
335
336
336
336
336
336
336
336
336
336
336
336
336
336
336
341
341
341
341
341
341
341
341
341
341
341
341
341
341
341
341
341
341
341
341
349
349
349
349
349
349
349
349
349
349
349
349
349
349
349
349
349
349
353
353
353
353
353
353
353
353
353
353
353
353
353
353
353
353
353
353
353
353
353
353
359
359
359
359
359
359
359
359
359
359
359
359
359
359
359
359
359
359
359
363
363
363
363
363
363
363
363
363
363
363
363
363
363
363
363
367
367
367
367
367
367
367
367
367
367
367
367
367
367
378
378
378
378
378
378
378
378
378
378
378
378
378
378
530
530
530
530
530
530
530
530
530
530
530
530
530
530
530
530
530
530
382
382
382
382
382
382
382
382
382
382
382
382
382
382
382
382
382
382
382
385
385
385
385
385
385
385
385
385
385
385
385
385
385
385
385
385
387
387
387
387
387
387
387
387
387
387
387
387
387
387
387
387
387
387
387
388
388
388
388
388
388
388
388
388
388
388
388
388
388
388
388
388
388
388
404
404
404
404
404
404
404
404
404
404
404
404
404
404
404
404
404
404
404
404
404
411
411
411
411
411
411
411
411
411
411
411
411
411
411
411
411
411
411
413
413
413
413
413
413
413
413
413
413
413
413
413
413
413
413
413
413
413
421
421
421
421
421
421
421
421
421
421
421
421
421
421
421
421
423
423
423
423
423
423
423
423
423
423
423
423
423
423
423
423
425
425
425
425
425
425
425
425
425
425
425
425
425
425
425
425
425
425
426
426
426
426
426
426
426
426
426
426
426
426
426
426
426
426
426
428
428
428
428
428
428
428
428
428
428
428
428
428
428
428
428
428
428
429
429
429
429
429
429
429
429
429
429
429
429
429
429
429
429
429
429
429
429
429
433
433
433
433
433
433
433
433
433
433
433
433
433
433
433
433
433
433
440
440
440
440
440
440
440
440
440
440
440
440
440
440
440
440
451
451
451
451
451
451
451
451
451
451
451
451
451
451
451
451
451
451
451
451
454
454
454
454
454
454
454
454
454
454
454
454
454
454
454
454
454
454
454
454
454
462
462
462
462
462
462
462
462
462
462
462
462
462
462
462
462
462
462
462
464
464
464
464
464
464
464
464
464
464
464
464
464
464
464
464
464
464
464
466
466
466
466
466
466
466
466
466
466
466
466
466
466
466
470
470
470
470
470
470
470
470
470
470
470
470
470
470
470
470
470
483
483
483
483
483
483
483
483
483
483
483
483
483
486
486
486
486
486
486
486
486
486
486
486
486
486
486
486
486
486
486
486
486
498
498
498
498
498
498
498
498
498
498
498
498
498
498
498
498
498
498
498
498
498
501
501
501
501
501
501
501
501
501
501
501
501
501
501
501
501
501
503
503
503
503
503
503
503
503
503
503
503
503
503
503
503
503
505
505
505
505
505
505
505
505
505
505
505
505
505
505
505
505
505
505
507
507
507
507
507
507
507
507
507
507
507
507
507
507
507
507
507
507
507
507
507
507
507
510
510
510
510
510
510
510
510
510
510
510
510
510
510
510
510
655
655
655
655
655
655
655
655
655
655
655
655
655
655
655
514
514
514
514
514
514
514
514
514
514
522
522
522
522
522
522
522
522
522
593
593
593
593
593
593
593
593
593
594
594
594
594
594
594
594
594
594
594
594
595
595
595
595
595
595
595
595
595
595
596
596
596
596
596
596
596
596
596
596
596
603
603
603
603
603
603
603
603
603
608
608
608
608
608
608
608
608
608
608
608
608
608
608
608
608
608
608
608
608
608
608
608
608
608
608
608
608
608
608
608
608
608
608
608
608
608
608
608
608
608
608
608
608
608
608
608
608
608
608
608
608
608
608
608
608
608
608
608
608
608
608
608
608
608
608
608
608
608
608
608
608
608
608
608
608
608
608
608
608
608
608
608
608
608
608
608
608
608
608
608
608
608
608
608
608
608
608
608
608
608
608
608
608
608
608
608
608
608
608
608
608
608
608
608
608
608
608
608
608
608
608
608
608
608
608
608
608
608
608
608
608
608
608
608
608
608
608
608
608
608
608
608
608
608
608
608
608
608
608
608
608
608
608
608
608
608
608
608
608
608
608
608
608
608
608
608
608
608
608
608
608
608
608
608
608
608
608
608
608
608
608
608
608
608
608
608
608
608
608
608
608
608
608
608
608
608
608
608
608
608
608
608
608
608
608
608
608
608
608
608
608
608
608
608
608
608
608
608
608
608
608
608
608
608
608
608
608
608
608
608
608
608
608
608
608
608
608
608
608
608
608
608
608
608
608
608
608
608
608
608
608
608
608
608
608
608
608
608
608
608
608
608
608
608
608
608
608
608
608
608
608
608
608
608
608
608
608
608
608
608
608
608
608
608
608
608
608
608
608
608
608
608
608
608
608
608
608
608
608
608
608
608
608
608
608
608
608
608
608
608
608
608
608
608
608
608
608
608
608
608
608
608
608
608
608
608
608
608
608
608
608
608
608
608
608
608
608
608
608
608
608
608
608
608
608
608
608
608
608
608
608
608
608
608
608
608
608
608
608
608
608
608
608
608
608
608
608
608
608
608
608
608
608
608
608
608
608
608
608
608
608
608
608
608
608
608
608
608
608
608
608
608
608
608
608
608
608
608
608
608
608
608
608
608
608
608
608
608
608
608
608
608
608
608
608
608
608
608
608
608
608
608
608
608
608
610
610
610
610
610
610
610
610
588
588
588
588
588
588
588
588
588
588
588
588
588
588
588
588
588
588
588
588
588
588
588
588
588
588
588
589
589
589
589
589
589
589
589
589
589
589
589
589
589
589
589
589
589
589
589
589
589
589
589
589
